stage 2
RectangleObstacle

200 800 250 50 -10
600 780 1200 40 0
Lock
600 500 500 600
Goal
1000

GrapplePoint
100 250 200

RectangleObstacle
600 300 50 600 0
200 600 50 600 0

300 300 50 600 0
400 600 50 600 0

SpiralMissileLauncherObstacle
900 400 180 30 300 0.5 8.0 0.3 4.0 300 45 2.0 180
800 500 45 90 350 1.0 10.0 0.5 5.0 200 90 3.0 0

TrackingLaserObstacle
900 450 90 200 250 0.5 0.3 1.5 270

SpinningLaserObstacle
630 200 300 0 70 0.0 1 2.0 10.0 1.5
330 200 300 0 -70 0.0 1 2.0 10.0 1.5

Coin
350 500 10 10
350 550 10 10
350 450 10 10
350 400 10 10
350 350 10 10
350 300 10 10

250 500 10 10
250 550 10 10
250 450 10 10
250 400 10 10
250 350 10 10
250 300 10 10

TrackingLaserObstacle
300 700 120 300 70 0.0 4.0 4.0 0
