stage 4

Checkpoint
580 700



RectangleObstacle
600 780 2000 40 0
100 150 30 500 0
300 125 30 270 0 true true
284 400 5 170 0 true false
300 510 30 500 0
450 150 10 500 0 true false
650 510 10 500 0 true false
850 150 10 500 0 true false
1050 510 10 500 0 true false

GrapplePoint
580 600 70
980 600 70
1130 600 70

Coin
580 330 10 10
580 360 10 10
580 390 10 10
780 330 10 10
780 360 10 10
780 390 10 10


SpinningLaserObstacle
500 350 200 180 -60 1.5
700 350 200 180 60 1.5
900 350 200 180 -60 1.5

