stage 1

Checkpoint
1000 400

GrapplePoint
100 500 200

CircleObstacle
145 200 20
40 150 30
250 170 40
1000 700 50 false true
1060 600 50 false true
1120 500 50 false true
1180 400 30 false true


RectangleObstacle
400 300 50 600 0
200 600 50 600 0
801 500 50 800 0
1050 300 300 50 0
976 150 300 150 90 false true
600 780 1200 40 0

Coin
1100 100 10 10
1100 150 10 10
1100 200 10 10

TrackingLaserObstacle
200 450 120 300 100 0.0 4.0 0.0 0
200 550 120 300 70 0.0 4.0 0.0 0
200 350 120 300 70 0.0 4.0 0.0 0

SpiralMissileLauncherObstacle
600 300 45 90 350 1.0 1.0 0.5 1.0 100 90 3.0 0
600 500 45 90 350 1.0 1.0 0.5 1.0 100 90 3.0 0

VerticalLaserObstacle
1150 0 275 0

TrackingLaserObstacle
1000 600 45 300 400 1.0 0.5 2.0 0
