stage 2
GrapplePoint
300 500 200
Checkpoint
900 400
CircleObstacle
145 200 20
40 150 30
250 170 40
700 700 40 true
RectangleObstacle
1000 650 300 50 15 true
200 700 250 50 -10
600 780 1200 40 0
Coin
300 450 10 10
300 420 10 10
300 390 10 10
300 360 10 10
SizeShifter
400 400 10 10
480 400 10 -10
initial position
300 300

LaserObstacle
200 100 500 0.0
20 300 700 1.0
40 50 600 0.5
60 400 600 1.5
200 100 500 0.0 1 1.0 6.0 2.0


VerticalLaserObstacle
150 100 400 1.25
1050 200 600 1.25

SpinningLaserObstacle
600 400 300 0 90 2.0
600 400 300 0 90 0.0 1 2.0 15.0 4

TrackingLaserObstacle
50 400 120 300 50 0.0 4.0 0.0 0

HomingMissileLauncherObstacle
400 400 30 400 0.5 0.2 1 3.0 250 120 4.0 270